/*
 * Arrays generados desde modulacion.py
 * Tonos puros FSK para ESP32
 * CE 1110 - Analisis de Senales Mixtas
 */

// Parametros:
// - Frecuencia de muestreo: 8000 Hz
// - Muestras por array: 512
// - f1 = 800 Hz (bit 0), f2 = 1600 Hz (bit 1)
// - Duracion: 0.064 segundos

// ========== SENAL BIT 0 (800 Hz PURO) ==========
const int senal_bit0[512] = {
    2048, 3313, 4094, 4094, 3313, 2048,  782,    1,    1,  782, 2047, 3313, 4094, 4094, 3313, 2048,
     782,    1,    1,  782, 2047, 3313, 4094, 4094, 3313, 2047,  782,    1,    1,  782, 2047, 3313,
    4094, 4094, 3313, 2047,  782,    1,    1,  782, 2047, 3313, 4094, 4094, 3313, 2048,  782,    1,
       1,  782, 2048, 3313, 4094, 4094, 3313, 2047,  782,    1,    1,  782, 2047, 3313, 4094, 4094,
    3313, 2047,  782,    1,    1,  782, 2048, 3313, 4094, 4094, 3313, 2047,  782,    1,    1,  782,
    2047, 3313, 4094, 4094, 3313, 2047,  782,    1,    1,  782, 2047, 3313, 4094, 4094, 3313, 2047,
     782,    1,    1,  782, 2048, 3313, 4094, 4094, 3313, 2047,  782,    1,    1,  782, 2048, 3313,
    4094, 4094, 3313, 2047,  782,    1,    1,  782, 2047, 3313, 4094, 4094, 3313, 2047,  782,    1,
       1,  782, 2048, 3313, 4094, 4094, 3313, 2047,  782,    1,    1,  782, 2048, 3313, 4094, 4094,
    3313, 2048,  782,    1,    1,  782, 2048, 3313, 4094, 4094, 3313, 2047,  782,    1,    1,  782,
    2047, 3313, 4094, 4094, 3313, 2048,  782,    1,    1,  782, 2048, 3313, 4094, 4094, 3313, 2047,
     782,    1,    1,  782, 2047, 3313, 4094, 4094, 3313, 2048,  782,    1,    1,  782, 2048, 3313,
    4094, 4094, 3313, 2047,  782,    1,    1,  782, 2048, 3313, 4094, 4094, 3313, 2047,  782,    1,
       1,  782, 2048, 3313, 4094, 4094, 3313, 2048,  782,    1,    1,  782, 2048, 3313, 4094, 4094,
    3313, 2048,  782,    1,    1,  782, 2048, 3313, 4094, 4094, 3313, 2047,  782,    1,    1,  782,
    2047, 3313, 4094, 4094, 3313, 2047,  782,    1,    1,  782, 2048, 3313, 4094, 4094, 3313, 2048,
     782,    1,    1,  782, 2048, 3313, 4094, 4094, 3313, 2048,  782,    1,    1,  782, 2048, 3313,
    4094, 4094, 3313, 2047,  782,    1,    1,  782, 2048, 3313, 4094, 4094, 3313, 2047,  782,    1,
       1,  782, 2048, 3313, 4094, 4094, 3313, 2048,  782,    1,    1,  782, 2048, 3313, 4094, 4094,
    3313, 2048,  782,    1,    1,  782, 2048, 3313, 4094, 4094, 3313, 2047,  782,    1,    1,  782,
    2047, 3313, 4094, 4094, 3313, 2047,  782,    1,    1,  782, 2047, 3313, 4094, 4094, 3313, 2047,
     782,    1,    1,  782, 2048, 3313, 4094, 4094, 3313, 2047,  782,    1,    1,  782, 2048, 3313,
    4094, 4094, 3313, 2047,  782,    1,    1,  782, 2047, 3313, 4094, 4094, 3313, 2047,  782,    1,
       1,  782, 2047, 3313, 4094, 4094, 3313, 2048,  782,    1,    1,  782, 2048, 3313, 4094, 4094,
    3313, 2048,  782,    1,    1,  782, 2048, 3313, 4094, 4094, 3313, 2047,  782,    1,    1,  782,
    2048, 3313, 4094, 4094, 3313, 2047,  782,    1,    1,  782, 2048, 3313, 4094, 4094, 3313, 2047,
     782,    1,    1,  782, 2048, 3313, 4094, 4094, 3313, 2048,  782,    1,    1,  782, 2047, 3313,
    4094, 4094, 3313, 2047,  782,    1,    1,  782, 2048, 3313, 4094, 4094, 3313, 2047,  782,    1,
       1,  782, 2047, 3313, 4094, 4094, 3313, 2048,  782,    1,    1,  782, 2048, 3313, 4095, 4094,
    3313, 2047,  782,    1,    1,  782, 2048, 3313, 4094, 4094, 3313, 2048,  782,    1,    1,  782,
    2047, 3313, 4094, 4094, 3313, 2048,  782,    1,    1,  782, 2048, 3313, 4094, 4094, 3313, 2047,
     782,    1,    1,  782, 2048, 3313, 4094, 4094, 3313, 2048,  782,    1,    1,  782, 2047, 3313
};


// ========== SENAL BIT 1 (1600 Hz PURO) ==========
const int senal_bit1[512] = {
    2048, 4094, 3313,  782,    1, 2047, 4094, 3313,  782,    1, 2047, 4094, 3313,  782,    1, 2047,
    4094, 3313,  782,    1, 2047, 4094, 3313,  782,    1, 2048, 4094, 3313,  782,    1, 2047, 4094,
    3313,  782,    1, 2048, 4094, 3313,  782,    1, 2047, 4094, 3313,  782,    1, 2047, 4094, 3313,
     782,    1, 2048, 4094, 3313,  782,    1, 2048, 4094, 3313,  782,    1, 2047, 4094, 3313,  782,
       1, 2048, 4094, 3313,  782,    1, 2048, 4094, 3313,  782,    1, 2048, 4094, 3313,  782,    1,
    2047, 4094, 3313,  782,    1, 2048, 4094, 3313,  782,    1, 2047, 4094, 3313,  782,    1, 2048,
    4094, 3313,  782,    1, 2048, 4094, 3313,  782,    1, 2048, 4094, 3313,  782,    1, 2048, 4094,
    3313,  782,    1, 2048, 4094, 3313,  782,    1, 2047, 4094, 3313,  782,    1, 2048, 4094, 3313,
     782,    1, 2048, 4094, 3313,  782,    1, 2048, 4094, 3313,  782,    1, 2048, 4094, 3313,  782,
       1, 2048, 4094, 3313,  782,    1, 2048, 4094, 3313,  782,    1, 2048, 4094, 3313,  782,    1,
    2047, 4094, 3313,  782,    1, 2047, 4094, 3313,  782,    1, 2048, 4094, 3313,  782,    1, 2048,
    4094, 3313,  782,    1, 2047, 4094, 3313,  782,    1, 2047, 4094, 3313,  782,    1, 2048, 4094,
    3313,  782,    1, 2048, 4094, 3313,  782,    1, 2048, 4094, 3313,  782,    1, 2048, 4094, 3313,
     782,    1, 2048, 4094, 3313,  782,    1, 2047, 4094, 3313,  782,    1, 2048, 4094, 3313,  782,
       1, 2047, 4094, 3313,  782,    1, 2048, 4094, 3313,  782,    1, 2048, 4094, 3313,  782,    1,
    2047, 4094, 3313,  782,    1, 2048, 4094, 3313,  782,    1, 2048, 4094, 3313,  782,    1, 2047,
    4094, 3313,  782,    1, 2048, 4094, 3313,  782,    1, 2047, 4094, 3313,  782,    1, 2048, 4094,
    3313,  782,    1, 2048, 4094, 3313,  782,    1, 2048, 4094, 3313,  782,    1, 2048, 4094, 3313,
     782,    1, 2048, 4094, 3313,  782,    1, 2047, 4094, 3313,  782,    1, 2048, 4094, 3313,  782,
       1, 2047, 4094, 3313,  782,    1, 2048, 4094, 3313,  782,    1, 2048, 4094, 3313,  782,    1,
    2047, 4094, 3313,  782,    1, 2048, 4094, 3313,  782,    1, 2047, 4094, 3313,  782,    1, 2048,
    4094, 3313,  782,    1, 2048, 4094, 3313,  782,    1, 2048, 4094, 3313,  782,    1, 2048, 4094,
    3313,  782,    1, 2048, 4094, 3313,  782,    1, 2047, 4094, 3313,  782,    1, 2048, 4094, 3313,
     782,    1, 2047, 4094, 3313,  782,    1, 2047, 4094, 3313,  782,    1, 2048, 4094, 3313,  782,
       1, 2047, 4094, 3313,  782,    1, 2048, 4094, 3313,  782,    1, 2048, 4094, 3313,  782,    1,
    2048, 4094, 3313,  782,    1, 2048, 4094, 3313,  782,    1, 2048, 4094, 3313,  782,    1, 2048,
    4095, 3313,  782,    1, 2048, 4094, 3313,  782,    1, 2047, 4094, 3313,  782,    1, 2047, 4094,
    3313,  782,    1, 2048, 4094, 3313,  782,    1, 2048, 4094, 3313,  782,    1, 2048, 4094, 3313,
     782,    1, 2047, 4094, 3313,  782,    1, 2047, 4094, 3313,  782,    1, 2048, 4094, 3313,  782,
       1, 2048, 4094, 3313,  782,    1, 2048, 4094, 3313,  782,    1, 2047, 4094, 3313,  782,    1,
    2047, 4094, 3313,  782,    1, 2047, 4094, 3313,  782,    1, 2048, 4094, 3313,  782,    1, 2048,
    4094, 3313,  782,    1, 2048, 4094, 3313,  782,    1, 2047, 4094, 3313,  782,    1, 2047, 4094
};


// ========== SENAL MIXTA (800Hz + 1600Hz) ==========
const int senal_mixta[512] = {
    2048, 3313, 4094, 4094, 3313, 2048,  782,    1,    1,  782, 2047, 3313, 4094, 4094, 3313, 2048,
     782,    1,    1,  782, 2047, 3313, 4094, 4094, 3313, 2047,  782,    1,    1,  782, 2047, 3313,
    4094, 4094, 3313, 2047,  782,    1,    1,  782, 2047, 3313, 4094, 4094, 3313, 2048,  782,    1,
       1,  782, 2048, 3313, 4094, 4094, 3313, 2047,  782,    1,    1,  782, 2047, 3313, 4094, 4094,
    3313, 2047,  782,    1,    1,  782, 2048, 3313, 4094, 4094, 3313, 2047,  782,    1,    1,  782,
    2047, 3313, 4094, 4094, 3313, 2047,  782,    1,    1,  782, 2047, 3313, 4094, 4094, 3313, 2047,
     782,    1,    1,  782, 2048, 3313, 4094, 4094, 3313, 2047,  782,    1,    1,  782, 2048, 3313,
    4094, 4094, 3313, 2047,  782,    1,    1,  782, 2047, 3313, 4094, 4094, 3313, 2047,  782,    1,
       1,  782, 2048, 3313, 4094, 4094, 3313, 2047,  782,    1,    1,  782, 2048, 3313, 4094, 4094,
    3313, 2048,  782,    1,    1,  782, 2048, 3313, 4094, 4094, 3313, 2047,  782,    1,    1,  782,
    2047, 3313, 4094, 4094, 3313, 2048,  782,    1,    1,  782, 2048, 3313, 4094, 4094, 3313, 2047,
     782,    1,    1,  782, 2047, 3313, 4094, 4094, 3313, 2048,  782,    1,    1,  782, 2048, 3313,
    4094, 4094, 3313, 2047,  782,    1,    1,  782, 2048, 3313, 4094, 4094, 3313, 2047,  782,    1,
       1,  782, 2048, 3313, 4094, 4094, 3313, 2048,  782,    1,    1,  782, 2048, 3313, 4094, 4094,
    3313, 2048,  782,    1,    1,  782, 2048, 3313, 4094, 4094, 3313, 2047,  782,    1,    1,  782,
    2047, 3313, 4094, 4094, 3313, 2047,  782,    1,    1,  782, 2048, 3313, 4094, 4094, 3313, 2048,
    2048, 4094, 3313,  782,    1, 2047, 4094, 3313,  782,    1, 2047, 4094, 3313,  782,    1, 2047,
    4094, 3313,  782,    1, 2047, 4094, 3313,  782,    1, 2048, 4094, 3313,  782,    1, 2047, 4094,
    3313,  782,    1, 2048, 4094, 3313,  782,    1, 2047, 4094, 3313,  782,    1, 2047, 4094, 3313,
     782,    1, 2048, 4094, 3313,  782,    1, 2048, 4094, 3313,  782,    1, 2047, 4094, 3313,  782,
       1, 2048, 4094, 3313,  782,    1, 2048, 4094, 3313,  782,    1, 2048, 4094, 3313,  782,    1,
    2047, 4094, 3313,  782,    1, 2048, 4094, 3313,  782,    1, 2047, 4094, 3313,  782,    1, 2048,
    4094, 3313,  782,    1, 2048, 4094, 3313,  782,    1, 2048, 4094, 3313,  782,    1, 2048, 4094,
    3313,  782,    1, 2048, 4094, 3313,  782,    1, 2047, 4094, 3313,  782,    1, 2048, 4094, 3313,
     782,    1, 2048, 4094, 3313,  782,    1, 2048, 4094, 3313,  782,    1, 2048, 4094, 3313,  782,
       1, 2048, 4094, 3313,  782,    1, 2048, 4094, 3313,  782,    1, 2048, 4094, 3313,  782,    1,
    2047, 4094, 3313,  782,    1, 2047, 4094, 3313,  782,    1, 2048, 4094, 3313,  782,    1, 2048,
    4094, 3313,  782,    1, 2047, 4094, 3313,  782,    1, 2047, 4094, 3313,  782,    1, 2048, 4094,
    3313,  782,    1, 2048, 4094, 3313,  782,    1, 2048, 4094, 3313,  782,    1, 2048, 4094, 3313,
     782,    1, 2048, 4094, 3313,  782,    1, 2047, 4094, 3313,  782,    1, 2048, 4094, 3313,  782,
       1, 2047, 4094, 3313,  782,    1, 2048, 4095, 3313,  782,    1, 2048, 4094, 3313,  782,    1,
    2047, 4094, 3313,  782,    1, 2048, 4094, 3313,  782,    1, 2048, 4094, 3313,  782,    1, 2047
};
